6	20400000	41500000	Region1
8	7100000	12800000	Region2
11	48000000	56200000	Region3
1	48000000	52000000	Region4 		
2	86000000	100500000	Region5 		
2	134500000	138000000	Region6		
2	183000000	190000000	Region7		
3	47500000	50000000	Region8	
3	83500000	87000000	Region9		
3	89000000	97500000	Region10		
5	44500000	50500000	Region11	
5	98000000	100500000	Region12
5	129000000	132000000	Region13
5	135500000	138500000	Region14	
6	57000000	64000000	Region15	
6	140000000	142500000	Region16	
7	55000000	66000000	Region17
8	8000000	12000000		Region18
8	43000000	50000000	Region19	
10	37000000	43000000	Region20	
11	87500000	90500000	Region21	
12	33000000	40000000	Region22	
12	109500000	112000000	Region23	
20	32000000	34500000	Region24
8	112000000	115000000	Region25
